
====================單純扣掉平均值====================
# 128
"CH467160": [
    [0.0012256940826773643, 0.02880895882844925],
    [7.465051174163818, 158.8756866455078],
    [2.0, 1.0],
    [25.0, 1.0],
    [0.04475507140159607, 0.453643798828125],
    [1.8336955308914185, 0.7193894982337952],
    [1239.43505859375, 699.09326171875],
    [11.327028274536133, 2.208418846130371],
]
# 256



# 512
"CH467160": [
    [5.9993213653797284e-05, 0.029571114107966423],
    [0.541208803653717, 162.70553588867188],
    [2.0, 1.0],
    [25.0, 1.0],
    [0.013132157735526562, 0.45422518253326416],
    [1.8336955308914185, 0.7193894982337952],
    [1239.43505859375, 699.09326171875],
    [11.327028274536133, 2.208418846130371],
]

# 1024        
"CH467160": [
    [6.040029802534264e-06, 0.02979189157485962],
    [0.14040720462799072, 163.897216796875],
    [2.0, 1.0],
    [25.0, 1.0],
    [0.006678482983261347, 0.4530567526817322],
    [1.8336955308914185, 0.7193894982337952],
    [1239.43505859375, 699.09326171875],
    [11.327028274536133, 2.208418846130371],
]

====================未扣掉平均值====================

# 128
"CH467160": [
    [0.0012256940826773643, 0.02880895882844925],
    [7.46505069732666, 158.8756866455078],
    [2.0, 1.0],
    [25.0, 1.0],
    [0.04475507140159607, 0.453643798828125],
    [1.8336955308914185, 0.7193894982337952],
    [1239.43505859375, 699.09326171875],
    [11.327028274536133, 2.208418846130371],
]
# 256
"CH467160": [
    [0.0003020832664333284, 0.029191527515649796],
    [2.0655932426452637, 160.70582580566406],
    [2.0, 1.0],
    [25.0, 1.0],
    [0.025299174711108208, 0.4555193781852722],
    [1.8336955308914185, 0.7193894982337952],
    [1239.43505859375, 699.09326171875],
    [11.327028274536133, 2.208418846130371],
]

# 512

# 1024        
"CH467160": [
    [6.040029802534264e-06, 0.02979189157485962],
    [0.14040720462799072, 163.897216796875],
    [2.0, 1.0],
    [25.0, 1.0],
    [0.006678482983261347, 0.4530567526817322],
    [1.8336955308914185, 0.7193894982337952],
    [1239.43505859375, 699.09326171875],
    [11.327028274536133, 2.208418846130371],
]

