
==================== linespace(n_init1無差異) ====================

-----------------n_init2--------------------
# 128

"CH467160": [
    [-0.0013247091555967927, 0.026121173053979874],
    [-6.671965599060059, 143.4674835205078],
    [2.0, 1.0],
    [25.0, 1.0],
    [0.038315922021865845, 0.4111902415752411],
    [1.6664491891860962, 0.7449064254760742],
    [1245.2510986328125, 698.5667114257812],
    [14.20181941986084, 4.4452033042907715],
]

# 256

"CH467160": [
    [-0.00039764269604347646, 0.026413269340991974],
    [-1.831239104270935, 145.3280029296875],
    [2.0, 1.0],
    [25.0, 1.0],
    [0.02220211923122406, 0.4121277928352356],
    [1.6664491891860962, 0.7449064254760742],
    [1245.2510986328125, 698.5667114257812],
    [14.20181941986084, 4.4452033042907715],
]


==================== Adaptive ====================

# 128


# 256