
==================== range(n_init1無差異) ====================
# 128
"CH467160": [
    [0.001179709448479116, 0.028274253010749817],
    [7.182668685913086, 155.9204559326172],
    [2.0, 1.0],
    [25.0, 1.0],
    [0.04307248815894127, 0.44447946548461914],
    [1.8067814111709595, 0.715567409992218],
    [1250.265380859375, 701.6740112304688],
    [12.159845352172852, 3.296860456466675],
]

# 256


# 512


# 1024
"CH467160": [
    [6.006200692354469e-06, 0.029245583340525627],
    [0.13520769774913788, 160.89515686035156],
    [2.0, 1.0],
    [25.0, 1.0],
    [0.00640619033947587, 0.444048672914505],
    [1.8067814111709595, 0.715567409992218],
    [1250.265380859375, 701.6740112304688],
    [12.159845352172852, 3.296860456466675],
]     

-----------------n_init2--------------------
# 128

"CH467160": [
    [-0.0015919295838102698, 0.02852831408381462],
    [-8.099489212036133, 156.4864501953125],
    [2.0, 1.0],
    [25.0, 1.0],
    [0.04085405170917511, 0.4432935118675232],
    [1.8067814111709595, 0.715567409992218],
    [1250.265380859375, 701.6740112304688],
    [12.159845352172852, 3.296860456466675],
]


==================== linespace(n_init1無差異) ====================
# 128
"CH467160": [
    [0.0011793267913162708, 0.028174830600619316],
    [7.225876331329346, 155.37266540527344],
    [2.0, 1.0],
    [25.0, 1.0],
    [0.04328882694244385, 0.4462832808494568],
    [1.8067814111709595, 0.715567409992218],
    [1250.265380859375, 701.6740112304688],
    [12.159845352172852, 3.296860456466675],
]


# 256


# 512


# 1024
"CH467160": [
    [6.006200692354469e-06, 0.029245583340525627],
    [0.13520769774913788, 160.89515686035156],
    [2.0, 1.0],
    [25.0, 1.0],
    [0.00640619033947587, 0.444048672914505],
    [1.8067814111709595, 0.715567409992218],
    [1250.265380859375, 701.6740112304688],
    [12.159845352172852, 3.296860456466675],
]     

-----------------n_init2--------------------
# 128

"CH467160": [
    [-0.001449272851459682, 0.028327420353889465],
    [-7.255444526672363, 155.41831970214844],
    [2.0, 1.0],
    [25.0, 1.0],
    [0.041932832449674606, 0.4458041191101074],
    [1.8067814111709595, 0.715567409992218],
    [1250.265380859375, 701.6740112304688],
    [12.159845352172852, 3.296860456466675],
]

# 1024

    "CH467160": [
        [-4.273025842849165e-05, 0.02923625148832798],
        [-0.1278769075870514, 160.82618713378906],
        [2.0, 1.0],
        [25.0, 1.0],
        [0.0064757089130580425, 0.44435110688209534],
        [1.8067814111709595, 0.715567409992218],
        [1250.265380859375, 701.6740112304688],
        [12.159845352172852, 3.296860456466675],
    ]
==================== Adaptive ====================

# 128


# 256